-156.1011
-131.0405
-129.0578
-128.095
-115.0422
-106.0419
-99.07965
-99.04729
-94.04187
-92.02621
-90.04695
-89.02992
-89.02655
-87.0109
-85.064
-85.03163
-83.07013
-80.03745
-76.0313
-76.0313
-74.01902
-72.99525
-72.03639
-72.02113
-71.0735
-71.05237
-71.03711
-69.06908
-66.0218
-66.01056
-63.99491
-62.01565
-60.05414
-60.03639
-60.00337
-59.04835
-58.02074
-58.00548
-58.00548
-58.00548
-57.98435
-57.05785
-57.03672
-57.0327
-57.02146
-57.02146
-56.0626
-55.05343
-55.03883
-53.09193
-50.02688
-50.01565
-49.97926
-49.0204
-49.0204
-48.03639
-48.00337
-48.00337
-48
-46.02074
-46.00548
-45.98772
-44.05923
-44.02622
-44.00846
-43.98983
-43.05343
-43.01705
-43.00581
-42.05818
-42.04695
-42.04695
-42.0218
-42.01056
-41.07417
-41.06294
-41.02655
-40.0313
-40.00615
-39.0109
-37.9905
-36.01123
-35.00475
-34.96837
-34.04973
-34.02074
-33.98772
-33.98772
-33.98435
-33.02549
-33.0037
-32.04147
-32.02284
-32.00846
-31.98983
-31.97207
-31.97207
-31.0422
-31.00581
-30.01056
-30.01056
-30.01056
-30.01056
-29.99281
-29.99281
-29.9782
-29.97418
-29.02655
-28.99016
-28.04253
-28.0313
-28.0313
-28.00615
-27.99491
-27.99491
-27.99491
-27.05852
-27.04728
-27.0109
-27.0109
-26.05204
-26.03341
-26.01565
-26.00442
-25.08578
-25.06063
-25.04939
-23.97485
-23.01598
-23.01598
-22.03197
-21.98772
-20.02622
-19.0422
-19.00984
-18.97345
-18.02582
-18.02358
-18.01056
-18.01056
-17.99281
-17.97418
-17.95642
-17.02655
-17.02655
-16.99756
-16.99016
-16.0313
-16.02793
-16.01354
-15.99492
-15.99492
-15.99492
-15.97716
-15.95853
-15.95853
-15.0109
-15.0109
-15.0109
-14.99967
-14.97451
-14.97451
-14.05204
-14.01565
-14.01565
-14.01565
-14.01565
-14.01565
-13.97926
-13.06802
-13.03163
-12.99525
-12.03639
-12.03639
-12.01776
-11.03374
-10.07488
-10.03197
-10.02074
-10.0095
-9.032697
-9.000334
-8.963949
-8.016319
-6.962218
-6.018427
-5.956421
-4.986324
-3.994915
-3.994915
-3.940771
-2.981907
-2.945522
-2.945522
-2.01565
-2.01565
-1.997892
-1.979265
-1.961506
-1.942879
-1.031634
-1.007825
-0.984016
-0.984016
-0.984016
-0.979006
-0.958863
-0.94763
-0.036386
0.036386
0.94763
0.958863
0.984016
0.984016
0.984016
0.997035
1.942879
1.961506
1.979265
1.99407
1.997892
2.004246
2.01565
2.945522
2.981907
2.988261
2.988261
2.991105
3.010064
3.01883
3.940771
3.98814
3.994915
3.994915
4.00078
4.007099
4.008491
4.013419
4.022185
4.025107
4.97893
5.010454
5.016774
5.028462
5.956421
6.008178
6.013809
6.018427
6.020129
6.962218
7.017164
7.034695
8.014199
8.016319
8.963949
9.000334
9.030193
9.032697
10.00827
10.0095
10.02074
10.02723
10.06277
10.07488
11.03208
11.03374
11.05056
11.07013
12
12.01776
12.03639
12.03639
12.96223
12.99525
12.99525
13.03163
13.03163
13.06802
13.97926
13.97926
13.97926
13.97926
14.01565
14.01565
14.01565
14.01565
14.01565
14.01565
14.05204
14.96328
14.97451
14.97451
14.99967
14.99967
15.0109
15.0109
15.0109
15.95853
15.95853
15.97716
15.97716
15.99492
15.99492
15.99492
16.01354
16.02793
16.0282
16.0313
16.99016
16.99756
17.02655
17.03448
17.07069
17.95642
17.97418
17.99058
18.01056
18.02582
18.03784
18.94044
18.97345
19.00984
19.01375
19.0422
19.98983
20.00833
20.0171
21.96939
21.98194
21.98435
22.03197
23.01598
23.01598
23.95806
23.97485
24.02392
24.99525
25.04939
25.06063
25.08578
26.00442
26.01565
26.01565
26.03341
26.05204
27.0109
27.0109
27.04728
27.04728
27.05852
27.95853
27.99491
27.99491
27.99491
28.00615
28.0313
28.0313
28.0313
28.0313
28.0313
28.04253
28.0461
28.99016
28.99016
28.99016
29.01532
29.02655
29.03912
29.97418
29.97418
29.9782
29.99281
30.01056
30.01056
30.01056
30.01056
31.00581
31.0422
31.93568
31.97207
31.97207
31.97207
31.98983
31.98983
32.02284
32.04147
32.05641
33.02549
33.95134
33.96103
33.96909
33.98435
33.98772
34.02074
34.04973
34.05143
34.06312
34.06896
34.96837
35.00475
36.01123
36.0455
36.07567
37.03163
37.94694
37.95588
37.9905
38.01565
38.03957
39.0109
39.99491
39.99491
40.00615
40.0313
40.0313
41.0014
41.02655
41.02655
41.06294
41.07417
42.01056
42.01056
42.0218
42.0218
42.04695
42.04695
42.04695
42.04695
42.05818
43.00581
43.00581
43.01705
43.0422
43.95344
43.98983
43.98983
44.00846
44.00846
44.01727
44.02622
44.02622
44.05923
44.98508
45.0294
45.98772
45.98772
46.02074
46.03567
46.08394
47.94445
47.98474
48
48.03069
48.03639
48.08461
49.0204
49.0204
49.97926
50.01565
50.02476
50.02688
51.10344
52.91146
53.09193
53.91929
53.97174
54.01056
54.01056
54.01056
54.11351
55.03883
55.05343
55.9197
55.98983
56.02622
56.02622
56.0626
56.0626
57.02146
57.02146
57.02146
57.02146
57.0327
57.03672
57.05785
57.98435
58.00548
58.00548
58.00548
58.02074
58.02929
58.04187
59.01935
59.03628
59.04505
59.04835
59.04969
60.00337
60.00337
60.01219
60.03639
60.05414
61.91349
61.92177
62.01565
62.01565
62.06388
63.04446
63.9619
63.97966
63.99491
66.01056
66.01056
66.0218
67.92206
68.02621
68.03745
68.0626
69.06908
70.00548
70.04187
70.04187
71.0133
71.03711
71.03711
71.05237
71.0735
71.0735
71.0735
72.02113
72.02113
72.02113
72.02113
72.03639
72.06256
72.99525
74.01902
74.05594
75.98053
75.99828
76.0313
76.0313
76.0313
77.91051
77.98707
78.04695
79.91652
79.95682
79.96633
80.02621
80.03745
80.98508
82.04187
83.07013
85.03163
85.05276
85.05276
85.064
85.08915
85.98264
86.00039
86.03678
86.03678
86.03678
87.0109
87.01427
87.03203
87.05066
87.06841
87.99828
88.99652
89.02655
90.04695
90.08415
92.02621
92.99796
93.98198
94.04187
94.96771
95.94349
96.02113
96.02113
96.05751
97.01638
97.08915
98.07317
99.04729
99.06841
99.07965
100.016
100.016
100.0637
101.0841
103.9607
103.9932
104.0262
104.0295
104.0412
104.0712
104.9659
105.0215
105.0215
105.0578
105.8973
106.0088
106.0419
106.0419
107.0136
107.0773
107.9799
107.9976
107.9976
108.0211
108.9751
109.0466
109.0481
109.0528
109.9591
111.032
111.032
111.0416
111.0684
112.0524
113.0477
113.0841
113.9953
113.9953
114.0317
114.0317
114.0429
114.0429
115.0269
115.0422
115.0667
116.011
116.998
117.0248
118.0657
118.068
119.0041
119.0371
119.0371
120.0211
120.0245
120.0245
120.034
120.0504
120.0631
121.035
122.0133
122.0368
122.0571
122.0732
122.0844
122.0844
123.0085
123.9748
124.0685
125.0477
125.8966
126.0622
126.1045
127.0633
127.0997
128.095
128.1075
128.1313
129.0426
129.0426
129.0578
130.0266
130.0791
130.1185
131.0946
132.0059
132.0211
132.0211
132.0423
132.0575
132.0687
133.0197
133.0528
133.1374
134.048
135.032
135.0449
135.983
136.0017
136.0289
136.0888
136.1562
137.164
138.0681
138.0681
138.0681
138.1045
139.0729
139.1109
140.095
140.095
141.0426
141.0983
142.0393
142.1106
143.0582
144.0423
144.0423
144.0996
144.1021
144.1021
144.1057
144.1059
145.0197
145.12
145.1283
145.1322
145.1405
146.0368
146.0579
148.0372
148.0896
148.1092
149.0299
150.0416
151.9966
152.0061
152.9884
154.0031
154.0266
154.0742
154.0994
154.1106
154.1358
155.0041
155.0946
155.821
156.0786
156.1011
156.115
157.0197
158.0038
158.0038
158.1307
159.0086
159.0354
159.0354
159.0684
159.9327
160.0372
161.0242
161.0688
161.0966
162.0528
162.0793
162.081
162.1256
163.0456
163.9858
164.0602
165.1643
166.0015
167.9824
168.0245
168.1878
170.0133
170.0368
170.048
171.1497
172.0129
172.0129
172.0524
172.9921
173.0926
173.9809
173.9809
174.0252
174.1686
175.0303
175.0303
175.0422
176.0143
176.0321
176.745
178.0235
178.0477
183.0354
183.983
184.0796
184.1576
185.1892
187.0481
188.033
188.1565
189.1889
190.0742
191.9915
192.0634
195.0756
196.0848
196.0848
196.1086
196.1212
197.0453
198.9814
199.0667
201.9706
203.0794
203.951
204.1878
206.1671
208.1827
209.018
210.002
210.162
210.1984
210.9865
212.0086
213.1113
214.0954
214.9711
214.9905
216.0998
217.095
217.1566
217.1625
217.1629
217.1688
217.1751
218.1671
219.0895
219.0895
220.0484
220.1827
220.1827
220.9912
224.1525
224.2504
225.0902
225.0936
225.1558
226.0477
226.0477
226.0776
227.127
227.2249
228.111
229.014
229.1629
231.0297
232.0644
233.051
234.074
234.162
235.1767
236.1572
236.214
237.1001
238.2297
240.1045
240.115
241.0885
242.0192
242.1015
243.0855
244.0583
244.0695
244.1015
248.1988
249.981
251.7933
252.0443
252.0971
253.0102
258.0141
258.0852
258.115
259.142
263.131
263.2375
264.0845
264.1878
265.1467
266.0579
266.1307
266.2035
267.0314
267.1583
268.0392
271.1487
272.2504
275.1005
276.0551
279.0777
282.0528
283.0362
283.0457
287.0556
290.177
291.0954
294.0951
294.1831
296.016
298.0227
298.1463
298.1933
299.1667
301.9865
304.1772
304.199
304.2054
305.0413
305.0682
306.0253
306.0951
306.1719
307.0903
308.1107
308.1485
309.2052
310.0477
310.1351
311.1667
312.1508
314.1882
316.1381
316.2038
317.1587
320.1008
321.2052
322.0202
324.0359
324.1056
324.2161
325.2253
326.1413
327.241
329.0525
329.2266
330.1362
332.1988
335.1216
338.0849
338.1776
339.1617
340.0858
340.1006
340.1675
342.7869
343.0318
343.1492
345.0474
345.0979
348.1937
348.2404
349.1373
351.118
352.1569
354.1726
356.1882
361.146
362.1366
364.0763
365.1322
368.3443
369.1835
371.1991
372.142
377.6899
380.1471
383.1481
383.2281
386.1104
387.0743
387.1278
389.0902
397.2438
404.0625
404.072
406.1587
411.2594
414.1675
414.1937
418.1376
420.0508
421.0732
426.1373
427.0692
428.1916
437.2018
438.0941
440.153
442.225
443.2913
445.089
445.0985
447.1957
449.1733
450.2752
452.0348
452.2457
453.1482
453.2125
454.089
454.2104
456.0693
456.1046
458.1624
469.1432
469.2285
469.7162
470.1636
470.2668
471.1318
473.2196
474.2505
484.2282
486.1156
486.1585
486.2512
487.2465
490.1742
493.1162
494.1748
494.3014
495.1952
502.2023
510.1697
511.1901
511.3192
516.1704
521.8841
523.2101
525.1429
525.2058
525.2257
527.185
539.2214
541.0611
541.1643
541.2007
543.2363
546.2083
548.2239
552.2167
558.1796
561.2468
568.2116
572.1811
572.1952
572.3161
576.5118
578.3176
581.2113
584.2635
585.1905
586.2791
588.1902
588.2948
594.0919
595.6128
597.2098
599.2663
600.2504
601.2062
602.2058
607.1418
609.2381
614.1616
615.2011
616.1773
616.2215
626.2635
626.3866
632.2164
634.6628
646.1956
648.1684
648.2113
656.2276
659.3124
660.4284
672.2225
672.2982
673.2429
682.2461
684.2982
688.1997
689.1949
689.2378
695.1579
695.2801
695.3101
697.2542
698.2382
698.2746
700.2538
703.2171
703.2535
710.3837
712.1368
713.0931
713.2491
714.2695
728.1776
730.2644
736.1844
744.2437
753.1997
753.2628
755.296
758.3808
761.259
765.0996
771.2909
777.211
778.2743
783.1415
783.1739
788.7258
792.2536
794.2263
794.2692
802.2855
810.2212
810.2641
812.3175
817.26
818.2804
819.3008
820.336
821.2801
824.2434
831.197
834.2754
835.2594
835.2958
845.4032
846.3117
849.275
851.2478
851.2907
859.307
860.3274
862.3067
865.2699
875.3019
876.3223
881.1469
890.2304
892.3172
907.3169
915.2526
917.3488
921.4617
922.8349
929.2318
933.3438
939.2638
940.1999
940.2842
940.3271
947.323
948.3434
956.2791
956.322
958.3754
961.3023
963.3179
964.3383
969.3662
970.3013
972.2835
972.3652
979.3129
986.2962
989.3336
995.3329
997.3057
1003.232
1005.365
1008.365
1011.328
1013.301
1013.343
1015.397
1021.36
1022.38
1024.359
1027.323
1031.344
1037.355
1038.375
1046.348
1050.163
1052.283
1052.354
1054.37
1061.31
1062.386
1063.407
1078.381
1079.402
1085.322
1091.285
1093.381
1095.397
1101.317
1102.337
1106.489
1110.396
1118.332
1118.375
1120.428
1127.412
1129.391
1136.423
1141.366
1143.406
1150.402
1151.423
1159.358
1161.455
1167.418
1168.438
1170.417
1175.353
1175.396
1182.294
1183.413
1183.413
1184.433
1186.412
1200.385
1200.428
1203.577
1208.444
1212.216
1214.407
1216.423
1224.439
1225.46
1227.439
1230.359
1237.343
1238.418
1240.434
1241.454
1247.375
1255.434
1256.454
1257.449
1264.39
1272.449
1278.369
1282.481
1286.403
1288.401
1293.472
1294.364
1296.389
1296.46
1297.481
1298.476
1304.396
1305.416
1307.513
1312.455
1313.476
1321.411
1324.631
1329.471
1330.491
1332.47
1337.449
1339.503
1345.465
1345.465
1346.443
1346.486
1353.482
1362.481
1370.497
1371.517
1373.497
1374.269
1376.46
1378.433
1378.476
1386.492
1387.512
1389.492
1390.439
1392.412
1393.432
1402.487
1402.512
1403.507
1418.507
1419.502
1424.427
1427.519
1428.539
1430.518
1440.422
1442.395
1443.539
1444.534
1448.456
1449.502
1450.454
1458.442
1458.475
1458.513
1459.534
1460.529
1466.449
1467.469
1474.508
1482.444
1483.464
1490.503
1491.523
1494.523
1497.443
1499.502
1501.555
1505.539
1515.535
1516.555
1517.575
1519.555
1522.554
1524.491
1524.534
1531.53
1532.55
1533.57
1535.55
1536.322
1538.47
1540.486
1540.529
1547.524
1548.545
1549.565
1551.544
1564.54
1564.565
1565.56
1572.986
1573.576
1574.597
1576.576
1581.512
1581.555
1588.453
1589.571
1590.592
1592.571
1593.494
1605.591
1606.587
1620.442
1620.495
1620.602
1620.93
1621.586
1622.582
1631.618
1637.581
1643.501
1645.517
1647.613
1651.597
1659.496
1661.521
1661.555
1662.701
1663.608
1665.613
1677.587
1678.608
1679.628
1681.607
1686.544
1686.586
1694.603
1698.374
1700.461
1702.538
1702.581
1704.635
1705.732
1708.618
1710.598
1713.671
1722.634
1727.57
1727.613
1734.51
1735.629
1736.65
1738.629
1743.565
1743.608
1751.624
1752.645
1755.546
1757.544
1767.619
1767.644
1768.64
1774.56
1782.655
1784.592
1784.634
1792.651
1793.671
1797.593
1805.554
1806.63
1807.57
1809.666
1821.549
1823.574
1823.608
1823.645
1824.666
1825.661
1826.681
1832.601
1839.64
1840.661
1843.66
1848.596
1848.639
1850.693
1854.615
1854.676
1856.656
1860.427
1864.548
1864.634
1864.672
1866.688
1868.692
1872.65
1880.667
1881.687
1884.687
1889.623
1889.666
1897.682
1898.703
1900.584
1900.682
1901.506
1907.714
1911.538
1913.677
1914.655
1914.697
1920.617
1927.533
1928.553
1928.713
1929.672
1930.649
1930.692
1936.612
1938.709
1946.687
1952.607
1954.704
1955.688
1955.724
1958.724
1968.683
1969.623
1969.632
1969.703
1970.824
1971.719
1977.639
1978.659
1987.671
1987.714
1991.495
1993.634
1995.73
1996.751
1997.698
2059.735
2092.745
2135.92
2204.772
2350.83
3549.537