0.2483232
0.2483232
0.2483232
0.2483232
0.2483232
0.2483232
0.2483232
0.2483232
0.2483232
0.2483232
0.2483232
0.2483232
0.2483232
0.2483232
0.2483232
0.2483232
0.2483232
0.2483232
0.2483232
0.2483232
0.2483232
0.2483232
0.2483232
0.2483232
0.2483232
0.2483232
0.2483232
0.2483232
0.2483232
0.2483232
0.2483232
0.2483232
0.2483232
0.2483232
0.2483232
0.2483232
0.2483232
0.2483232
0.2483232
0.2483232
0.2483232
0.2483232
0.2483232
0.2483232
0.2483232
0.2483232
0.2483232
0.2483232
0.2483232
0.2483232
0.2483232
0.2483232
0.2483232
0.2483232
0.2483232
0.2483232
0.2483232
0.2483232
0.2483232
0.2483232
2.4832321
0.2483232
0.2483232
0.2483232
0.2483232
3.8695264
0.2483232
0.2483232
0.2483232
0.2483232
0.2483232
0.2483232
0.2483232
0.2483232
0.2483232
0.2483232
0.2483232
0.2483232
0.2483232
0.2483232
0.2483232
0.2483232
0.2483232
0.2483232
0.2483232
0.2483232
5.8844294
0.2483232
0.2483232
0.2483232
7.2623555
0.2483232
0.2483232
0.2483232
0.2483232
0.2483232
0.2483232
0.2483232
0.2483232
0.2483232
0.2483232
0.2483232
0.2483232
0.2483232
0.2483232
0.2483232
0.2483232
0.2483232
0.2483232
0.2483232
0.2483232
0.2483232
0.2483232
0.2483232
0.2483232
0.2483232
0.2483232
0.2483232
0.2483232
0.2483232
0.2483232
0.2483232
0.2483232
0.2483232
0.2483232
0.2483232
0.2483232
0.2483232
0.2483232
0.2483232
0.2483232
0.2483232
6.7173386
0.2483232
0.2483232
0.2483232
0.2483232
0.2483232
6.2209017
9.1998268
4.7858171
0.2483232
0.2483232
9.2058618
3.5818443
0.2483232
0.2483232
0.2483232
0.2483232
0.2483232
2.4832321
0.2483232
0.2483232
0.2483232
0.2483232
0.2483232
3.1763792
0.2483232
0.2483232
0.2483232
0.2483232
0.2483232
0.2483232
0.2483232
0.2483232
0.2483232
0.2483232
0.2483232
0.2483232
0.2483232
0.2483232
0.2483232
0.2483232
0.2483232
0.2483232
0.2483232
0.2483232
0.2483232
0.2483232
0.2483232
0.2483232
0.2483232
0.2483232
0.2483232
0.2483232
0.2483232
0.2483232
0.2483232
0.2483232
0.2483232
0.2483232
0.2483232
0.2483232
0.2483232
4.2749915
0.2483232
0.2483232
0.2483232
0.2483232
0.2483232
6.0095926
2.4832321
10.3172284
0.2483232
0.2483232
0.2483232
0.2483232
0.2483232
0.2483232
0.2483232
0.2483232
0.2483232
11.3249695
0.2483232
0.2483232
0.2483232
0.2483232
0.2483232
0.2483232
0.2483232
0.2483232
0.2483232
0.2483232
0.2483232
0.2483232
0.2483232
0.2483232
0.2483232
0.2483232
0.2483232
0.2483232
0.2483232
0.2483232
0.2483232
0.2483232
0.2483232
0.2483232
0.2483232
0.2483232
0.2483232
0.2483232
0.2483232
0.2483232
0.2483232
0.2483232
0.2483232
0.2483232
0.2483232
0.2483232
0.2483232
0.2483232
0.2483232
0.2483232
0.2483232
0.2483232
0.2483232
0.2483232
0.2483232
0.2483232
0.2483232
0.2483232
0.2483232
0.2483232
0.2483232
0.2483232
0.2483232
0.2483232
0.2483232
0.2483232
0.2483232
0.2483232
0.2483232
0.2483232
0.2483232
0.2483232
0.2483232
0.2483232
0.2483232
2.4832321
0.2483232
0.2483232
2.4832321
8.6507485
0.2483232
0.2483232
0.2483232
0.2483232
0.2483232
0.2483232
0.2483232
0.2483232
0.2483232
6.2898945
0.2483232
0.2483232
0.2483232
0.2483232
0.2483232
0.2483232
4.5626736
0.2483232
9.8684630
0.2483232
0.2483232
0.2483232
0.2483232
0.2483232
0.2483232
0.2483232
0.2483232
0.2483232
0.2483232
0.2483232
0.2483232
0.2483232
0.2483232
0.2483232
0.2483232
0.2483232
0.2483232
0.2483232
0.2483232
0.2483232
0.2483232
0.2483232
0.2483232
0.2483232
0.2483232
0.2483232
0.2483232
0.2483232
0.2483232
0.2483232
0.2483232
0.2483232
0.2483232
0.2483232
0.2483232
0.2483232
0.2483232
0.2483232
0.2483232
0.2483232
0.2483232
0.2483232
0.2483232
0.2483232
0.2483232
0.2483232
0.2483232
4.2749915
6.4905652
0.2483232
0.2483232
0.2483232
8.9693928
0.2483232
0.2483232
0.2483232
0.2483232
0.2483232
0.2483232
6.6103664
0.2483232
0.2483232
0.2483232
0.2483232
4.7858171
5.4276710
0.2483232
0.2483232
0.2483232
0.2483232
0.2483232
0.2483232
0.2483232
0.2483232
0.2483232
0.2483232
6.7736915
0.2483232
0.2483232
6.7736915
0.2483232
0.2483232
0.2483232
0.2483232
0.2483232
0.2483232
2.4832321
0.2483232
0.2483232
0.2483232
0.2483232
0.2483232
0.2483232
0.2483232
0.2483232
0.2483232
0.2483232
0.2483232
0.2483232
0.2483232
0.2483232
0.2483232
0.2483232
0.2483232
0.2483232
0.2483232
0.2483232
0.2483232
0.2483232
0.2483232
0.2483232
0.2483232
0.2483232
0.2483232
0.2483232
0.2483232
0.2483232
11.3006780
0.2483232
0.2483232
0.2483232
7.9721698
0.2483232
0.2483232
0.2483232
0.2483232
9.6471787
0.2483232
0.2483232
0.2483232
0.2483232
8.6570182
0.2483232
0.2483232
0.2483232
0.2483232
0.2483232
0.2483232
0.2483232
6.6576193
0.2483232
4.7858171
0.2483232
0.2483232
0.2483232
0.2483232
0.2483232
2.4832321
0.2483232
0.2483232
0.2483232
0.2483232
0.2483232
0.2483232
0.2483232
0.2483232
0.2483232
0.2483232
0.2483232
0.2483232
0.2483232
0.2483232
0.2483232
0.2483232
0.2483232
0.2483232
0.2483232
0.2483232
0.2483232
0.2483232
0.2483232
0.2483232
0.2483232
0.2483232
0.2483232
7.3035136
0.2483232
0.2483232
0.2483232
0.2483232
0.2483232
0.2483232
0.2483232
0.2483232
0.2483232
0.2483232
0.2483232
0.2483232
0.2483232
0.2483232
0.2483232
0.2483232
0.2483232
0.2483232
0.2483232
0.2483232
0.2483232
0.2483232
0.2483232
0.2483232
0.2483232
0.2483232
0.2483232
0.2483232
0.2483232
0.2483232
0.2483232
0.2483232
0.2483232
0.2483232
0.2483232
0.2483232
0.2483232
0.2483232
0.2483232
0.2483232
3.1763792
0.2483232
0.2483232
0.2483232
0.2483232
0.2483232
0.2483232
0.2483232
0.2483232
0.2483232
2.4832321
0.2483232
0.2483232
0.2483232
0.2483232
0.2483232
0.2483232
0.2483232
0.2483232
0.2483232
0.2483232
0.2483232
0.2483232
0.2483232
2.4832321
0.2483232
0.2483232
2.4832321
7.7964380
13.4527743
0.2483232
0.2483232
0.2483232
0.2483232
0.2483232
0.2483232
0.2483232
0.2483232
0.2483232
0.2483232
0.2483232
6.0095926
0.2483232
0.2483232
0.2483232
0.2483232
0.2483232
0.2483232
0.2483232
4.8811273
0.2483232
0.2483232
0.2483232
0.2483232
0.2483232
0.2483232
0.2483232
0.2483232
0.2483232
0.2483232
0.2483232
0.2483232
0.2483232
0.2483232
0.2483232
0.2483232
0.2483232
0.2483232
0.2483232
0.2483232
6.9718684
0.2483232
0.2483232
0.2483232
0.2483232
0.2483232
0.2483232
0.2483232
0.2483232
0.2483232
0.2483232
0.2483232
0.2483232
0.2483232
0.2483232
0.2483232
0.2483232
0.2483232
0.2483232
0.2483232
0.2483232
0.2483232
0.2483232
0.2483232
0.2483232
0.2483232
0.2483232
0.2483232
0.2483232
0.2483232
0.2483232
0.2483232
0.2483232
0.2483232
0.2483232
0.2483232
0.2483232
0.2483232
0.2483232
0.2483232
0.2483232
0.2483232
0.2483232
0.2483232
0.2483232
0.2483232
0.2483232
0.2483232
0.2483232
0.2483232
3.8695264
0.2483232
0.2483232
0.2483232
0.2483232
0.2483232
0.2483232
0.2483232
0.2483232
0.2483232
0.2483232
0.2483232
0.2483232
0.2483232
0.2483232
0.2483232
6.0385801
0.2483232
0.2483232
0.2483232
4.0926700
0.2483232
4.4291422
0.2483232
0.2483232
2.4832321
0.2483232
0.2483232
0.2483232
0.2483232
0.2483232
0.2483232
0.2483232
0.2483232
0.2483232
0.2483232
0.2483232
0.2483232
0.2483232
0.2483232
0.2483232
0.2483232
0.2483232
0.2483232
0.2483232
0.2483232
0.2483232
0.2483232
0.2483232
0.2483232
0.2483232
0.2483232
0.2483232
0.2483232
0.2483232
0.2483232
0.2483232
0.2483232
0.2483232
0.2483232
0.2483232
0.2483232
0.2483232
0.2483232
6.9258833
2.4832321
0.2483232
0.2483232
0.2483232
0.2483232
0.2483232
0.2483232
0.2483232
0.2483232
0.2483232
0.2483232
0.2483232
0.2483232
3.8695264
0.2483232
0.2483232
0.2483232
0.2483232
0.2483232
0.2483232
0.2483232
0.2483232
0.2483232
3.1763792
0.2483232
0.2483232
0.2483232
0.2483232
4.2749915
0.2483232
0.2483232
0.2483232
0.2483232
0.2483232
0.2483232
0.2483232
0.2483232
0.2483232
0.2483232
0.2483232
0.2483232
0.2483232
0.2483232
0.2483232
0.2483232
0.2483232
0.2483232
0.2483232
0.2483232
0.2483232
0.2483232
0.2483232
0.2483232
0.2483232
0.2483232
0.2483232
0.2483232
3.1763792
0.2483232
0.2483232
0.2483232
0.2483232
0.2483232
0.2483232
0.2483232
0.2483232
0.2483232
0.2483232
0.2483232
0.2483232
0.2483232
0.2483232
0.2483232
0.2483232
0.2483232
0.2483232
0.2483232
2.4832321
0.2483232
2.4832321
0.2483232
0.2483232
0.2483232
0.2483232
0.2483232
0.2483232
0.2483232
5.3736038
0.2483232
0.2483232
0.2483232
0.2483232
0.2483232
0.2483232
0.2483232
0.2483232
0.2483232
0.2483232
0.2483232
0.2483232
0.2483232
0.2483232
0.2483232
0.2483232
6.8526799
0.2483232
0.2483232
0.2483232
0.2483232
0.2483232
7.6537160
0.2483232
0.2483232
0.2483232
0.2483232
0.2483232
0.2483232
0.2483232
0.2483232
0.2483232
0.2483232
0.2483232
0.2483232
0.2483232
0.2483232
0.2483232
0.2483232
0.2483232
3.1763792
0.2483232
0.2483232
0.2483232
0.2483232
0.2483232
0.2483232
0.2483232
0.2483232
0.2483232
4.7858171
0.2483232
0.2483232
0.2483232
7.5708284
0.2483232
0.2483232
0.2483232
0.2483232
0.2483232
0.2483232
0.2483232
0.2483232
0.2483232
0.2483232
8.2035438
0.2483232
0.2483232
0.2483232
0.2483232
0.2483232
0.2483232
0.2483232
0.2483232
0.2483232
0.2483232
0.2483232
0.2483232
0.2483232
0.2483232
0.2483232
0.2483232
0.2483232
0.2483232
0.2483232
0.2483232
0.2483232
0.2483232
0.2483232
0.2483232
0.2483232
0.2483232
6.8007202
0.2483232
0.2483232
0.2483232
0.2483232
6.4905652
0.2483232
0.2483232
0.2483232
0.2483232
0.2483232
0.2483232
0.2483232
0.2483232
0.2483232
0.2483232
3.1763792
0.2483232
0.2483232
0.2483232
0.2483232
0.2483232
0.2483232
0.2483232
0.2483232
0.2483232
0.2483232
7.4177060
2.4832321
0.2483232
0.2483232
0.2483232
0.2483232
0.2483232
0.2483232
0.2483232
0.2483232
0.2483232
0.2483232
0.2483232
0.2483232
0.2483232
0.2483232
0.2483232
0.2483232
0.2483232
0.2483232
0.2483232
0.2483232
0.2483232
0.2483232
0.2483232
4.8811273
0.2483232
0.2483232
0.2483232
0.2483232
0.2483232
0.2483232
0.2483232
5.5742745
0.2483232
0.2483232
0.2483232
0.2483232
0.2483232
0.2483232
0.2483232
0.2483232
0.2483232
0.2483232
0.2483232
0.2483232
0.2483232
0.2483232
0.2483232
0.2483232
0.2483232
0.2483232
3.1763792
0.2483232
0.2483232
0.2483232
0.2483232
0.2483232
0.2483232
0.2483232
2.4832321
0.2483232
0.2483232
0.2483232
0.2483232
0.2483232
0.2483232
0.2483232
0.2483232
0.2483232
0.2483232
3.1763792
0.2483232
0.2483232
0.2483232
0.2483232
0.2483232
0.2483232
3.1763792
0.2483232
0.2483232
0.2483232
0.2483232
0.2483232
0.2483232
0.2483232
0.2483232
0.2483232
0.2483232
0.2483232
0.2483232
3.1763792
0.2483232
0.2483232
4.6804566
0.2483232
0.2483232
0.2483232
3.1763792
0.2483232
0.2483232
0.2483232
0.2483232
0.2483232
0.2483232
0.2483232
0.2483232
0.2483232
0.2483232
0.2483232
0.2483232
0.2483232
0.2483232
0.2483232
0.2483232
0.2483232
0.2483232
0.2483232
0.2483232
0.2483232
0.2483232
0.2483232
0.2483232
0.2483232
0.2483232
0.2483232
7.5071126
0.2483232
0.2483232
0.2483232
0.2483232
0.2483232
0.2483232
0.2483232
0.2483232
0.2483232
0.2483232
0.2483232
0.2483232
6.0941500
0.2483232
0.2483232
0.2483232
0.2483232
0.2483232
0.2483232
0.2483232
0.2483232
5.1912823
0.2483232
0.2483232
0.2483232
0.2483232
0.2483232
0.2483232
0.2483232
0.2483232
0.2483232
0.2483232
0.2483232
0.2483232
0.2483232
0.2483232
2.4832321
0.2483232
0.2483232
0.2483232
0.2483232
0.2483232
0.2483232
0.2483232
0.2483232
0.2483232
0.2483232
0.2483232
0.2483232
0.2483232
0.2483232
0.2483232
0.2483232
0.2483232
0.2483232
0.2483232
0.2483232
0.2483232
0.2483232
0.2483232
0.2483232
0.2483232
0.2483232
0.2483232
0.2483232
0.2483232
0.2483232
0.2483232
0.2483232
0.2483232
0.2483232
0.2483232
0.2483232
0.2483232
0.2483232
0.2483232
0.2483232
0.2483232
5.4276710
0.2483232
0.2483232
0.2483232
0.2483232
0.2483232
0.2483232
0.2483232
0.2483232
0.2483232
0.2483232
0.2483232
0.2483232
0.2483232
0.2483232
0.2483232
2.4832321
0.2483232
0.2483232
0.2483232
0.2483232
0.2483232
0.2483232
0.2483232
0.2483232
0.2483232
0.2483232
0.2483232
0.2483232
0.2483232
0.2483232
7.2017309
0.2483232
0.2483232
0.2483232
0.2483232
0.2483232
0.2483232
0.2483232
0.2483232
0.2483232
0.2483232
0.2483232
0.2483232
0.2483232
0.2483232
0.2483232
0.2483232
0.2483232
0.2483232
0.2483232
0.2483232
0.2483232
0.2483232
0.2483232
0.2483232
0.2483232
0.2483232
0.2483232
0.2483232
0.2483232
0.2483232
0.2483232
0.2483232
0.2483232
0.2483232
0.2483232
0.2483232
0.2483232
0.2483232
0.2483232
0.2483232
0.2483232
0.2483232
0.2483232
0.2483232
0.2483232
0.2483232
0.2483232
0.2483232
0.2483232
0.2483232
0.2483232
0.2483232
0.2483232
0.2483232
0.2483232
0.2483232
0.2483232
0.2483232
0.2483232
0.2483232
0.2483232
0.2483232
0.2483232
0.2483232
0.2483232
0.2483232
0.2483232
0.2483232
0.2483232
0.2483232
0.2483232
0.2483232
0.2483232
0.2483232
0.2483232
0.2483232
0.2483232
0.2483232
0.2483232
0.2483232
0.2483232
0.2483232
0.2483232
0.2483232
0.2483232
0.2483232
0.2483232
0.2483232
0.2483232
0.2483232
0.2483232
0.2483232
0.2483232
0.2483232
0.2483232
0.2483232
0.2483232
0.2483232
0.2483232
0.2483232
0.2483232
0.2483232
0.2483232
0.2483232
0.2483232
0.2483232
0.2483232
0.2483232
0.2483232
0.2483232
0.2483232
0.2483232
0.2483232
0.2483232
0.2483232
0.2483232
0.2483232
0.2483232
0.2483232
0.2483232
0.2483232
0.2483232
0.2483232
0.2483232
0.2483232
0.2483232
0.2483232
0.2483232
0.2483232
0.2483232
0.2483232
0.2483232
0.2483232
0.2483232
0.2483232
0.2483232
0.2483232
0.2483232
0.2483232
0.2483232
0.2483232
0.2483232
0.2483232
0.2483232
0.2483232
0.2483232
0.2483232
0.2483232
0.2483232
0.2483232
0.2483232
0.2483232
0.2483232
0.2483232
0.2483232
0.2483232
0.2483232
0.2483232
0.2483232
0.2483232
0.2483232
0.2483232
0.2483232
0.2483232
0.2483232
0.2483232
0.2483232
0.2483232
0.2483232
0.2483232
0.2483232
0.2483232
0.2483232
0.2483232
0.2483232
0.2483232
0.2483232
0.2483232
0.2483232
0.2483232
0.2483232
0.2483232
0.2483232
0.2483232
0.2483232
0.2483232
0.2483232
0.2483232
0.2483232
0.2483232
0.2483232
0.2483232
0.2483232
0.2483232
0.2483232
0.2483232
0.2483232
0.2483232
0.2483232
0.2483232
0.2483232
0.2483232
0.2483232
0.2483232
0.2483232
0.2483232
0.2483232
0.2483232
0.2483232
0.2483232
0.2483232
0.2483232
0.2483232
0.2483232
0.2483232
0.2483232
0.2483232
0.2483232
0.2483232
0.2483232
0.2483232
0.2483232
0.2483232
0.2483232
0.2483232
0.2483232
0.2483232
0.2483232
0.2483232
0.2483232
0.2483232
0.2483232
0.2483232
0.2483232
0.2483232
0.2483232
0.2483232
0.2483232
0.2483232
0.2483232
0.2483232
0.2483232
0.2483232
0.2483232
0.2483232
0.2483232
0.2483232
0.2483232
0.2483232
0.2483232
0.2483232
0.2483232
0.2483232
0.2483232
0.2483232
0.2483232
0.2483232
0.2483232
0.2483232
0.2483232
0.2483232
0.2483232
0.2483232
0.2483232
0.2483232
0.2483232
0.2483232
0.2483232
0.2483232
0.2483232
0.2483232
0.2483232
0.2483232
0.2483232
0.2483232
0.2483232
0.2483232
0.2483232
0.2483232
0.2483232
0.2483232
0.2483232
0.2483232
0.2483232
0.2483232
0.2483232
0.2483232
0.2483232
0.2483232
0.2483232
0.2483232
0.2483232
0.2483232
0.2483232
0.2483232
0.2483232
0.2483232
0.2483232
0.2483232
0.2483232
0.2483232
0.2483232
0.2483232
0.2483232
0.2483232
0.2483232
0.2483232
0.2483232
0.2483232
0.2483232
0.2483232
0.2483232
0.2483232
0.2483232
0.2483232
0.2483232
0.2483232
0.2483232
0.2483232
0.2483232
0.2483232
0.2483232
0.2483232
0.2483232
0.2483232
0.2483232
0.2483232
0.2483232
0.2483232
0.2483232
0.2483232
0.2483232
0.2483232
0.2483232
0.2483232
0.2483232
0.2483232
0.2483232
0.2483232
0.2483232
0.2483232
0.2483232
0.2483232
0.2483232
0.2483232
0.2483232
0.2483232
0.2483232
0.2483232
0.2483232