13.452774
11.324969
11.300678
10.317228
9.868463
9.647179
9.205862
9.199827
8.969393
8.657018
8.650749
8.203544
7.972170
7.796438
7.653716
7.570828
7.507113
7.417706
7.303514
7.262356
7.201731
6.971868
6.925883
6.852680
6.800720
6.773691
6.773691
6.717339
6.657619
6.610366
6.490565
6.490565
6.289895
6.220902
6.094150
6.038580
6.009593
6.009593
5.884429
5.574275
5.427671
5.427671
5.373604
5.191282
4.881127
4.881127
4.785817
4.785817
4.785817
4.785817
4.680457
4.562674
4.429142
4.274992
4.274992
4.274992
4.092670
3.869526
3.869526
3.869526
3.581844
3.176379
3.176379
3.176379
3.176379
3.176379
3.176379
3.176379
3.176379
3.176379
3.176379
3.176379
2.483232
2.483232
2.483232
2.483232
2.483232
2.483232
2.483232
2.483232
2.483232
2.483232
2.483232
2.483232
2.483232
2.483232
2.483232
2.483232
2.483232
2.483232