79.96633
0.984016
42.01056
-0.984016
15.99492
43.00581
-17.02655
-18.01056
28.0313
43.98983
14.01565
238.2297
42.04695
79.95682
210.1984
229.014
541.0611
305.0682
57.02146
-33.0037
881.1469
100.016
142.1106
204.1878
266.2035
31.97207
31.98983
-20.02622
44.98508
28.99016
27.99491
272.2504
14.99967
-18.01056
576.5118
123.0085
-1.031634
86.00039
-33.98772
340.0858
29.97418
783.1415
188.033
595.6128
87.06841
329.0525
-17.99281
29.03912
45.98772
226.0776
456.1046
15.97716
126.1045
-2.01565
27.95853
154.1358
125.8966
-43.98983
119.0041
146.0368
-17.02655
-15.0109
70.00548
154.0031
167.9824
220.1827
294.1831
368.3443
418.1376
438.0941
454.089
469.7162
-46.00548
-15.99492
-1.007825
13.97926
13.97926
33.96103
47.98474
72.02113
77.91051
79.91652
128.095
143.0582
176.0321
178.0235
306.0253
386.1104
634.6628
831.197